"SALARY"	"NVL(COMMISSION_PCT,0)"	"연수당"	"총연봉"
24000	0	0	288000
17000	0	0	204000
17000	0	0	204000
9000	0	0	108000
6000	0	0	72000
4800	0	0	57600
4800	0	0	57600
4200	0	0	50400
12008	0	0	144096
9000	0	0	108000
8200	0	0	98400
7700	0	0	92400
7800	0	0	93600
6900	0	0	82800
11000	0	0	132000
3100	0	0	37200
2900	0	0	34800
2800	0	0	33600
2600	0	0	31200
2500	0	0	30000
8000	0	0	96000
8200	0	0	98400
7900	0	0	94800
6500	0	0	78000
5800	0	0	69600
3200	0	0	38400
2700	0	0	32400
2400	0	0	28800
2200	0	0	26400
3300	0	0	39600
2800	0	0	33600
2500	0	0	30000
2100	0	0	25200
3300	0	0	39600
2900	0	0	34800
2400	0	0	28800
2200	0	0	26400
3600	0	0	43200
3200	0	0	38400
2700	0	0	32400
2500	0	0	30000
3500	0	0	42000
3100	0	0	37200
2600	0	0	31200
2500	0	0	30000
14000	0.4	67200	235200
13500	0.3	48600	210600
12000	0.3	43200	187200
11000	0.3	39600	171600
10500	0.2	25200	151200
10000	0.3	36000	156000
9500	0.25	28500	142500
9000	0.25	27000	135000
8000	0.2	19200	115200
7500	0.2	18000	108000
7000	0.15	12600	96600
10000	0.35	42000	162000
9500	0.35	39900	153900
9000	0.35	37800	145800
8000	0.3	28800	124800
7500	0.3	27000	117000
7000	0.25	21000	105000
10500	0.25	31500	157500
9500	0.15	17100	131100
7200	0.1	8640	95040
6800	0.1	8160	89760
6400	0.1	7680	84480
6200	0.1	7440	81840
11500	0.25	34500	172500
10000	0.2	24000	144000
9600	0.2	23040	138240
7400	0.15	13320	102120
7300	0.15	13140	100740
6100	0.1	7320	80520
11000	0.3	39600	171600
8800	0.25	26400	132000
8600	0.2	20640	123840
8400	0.2	20160	120960
7000	0.15	12600	96600
6200	0.1	7440	81840
3200	0	0	38400
3100	0	0	37200
2500	0	0	30000
2800	0	0	33600
4200	0	0	50400
4100	0	0	49200
3400	0	0	40800
3000	0	0	36000
3800	0	0	45600
3600	0	0	43200
2900	0	0	34800
2500	0	0	30000
4000	0	0	48000
3900	0	0	46800
3200	0	0	38400
2800	0	0	33600
3100	0	0	37200
3000	0	0	36000
2600	0	0	31200
2600	0	0	31200
4400	0	0	52800
13000	0	0	156000
6000	0	0	72000
6500	0	0	78000
10000	0	0	120000
12008	0	0	144096
8300	0	0	99600
